batch_adj_mat:  tensor([[0.0000, 0.2424, 0.2414, 0.0000, 0.0000, 0.0000, 0.0000, 0.0000, 0.0000,
         0.0000],
        [0.2424, 0.0000, 0.0000, 0.2414, 0.0000, 0.0000, 0.0000, 0.0000, 0.0000,
         0.0000],
        [0.2414, 0.0000, 0.0000, 0.0000, 0.1452, 0.0000, 0.0000, 0.0000, 0.0000,
         0.0000],
        [0.0000, 0.2414, 0.0000, 0.0000, 0.0000, 0.1452, 0.0000, 0.0000, 0.0000,
         0.0000],
        [0.0000, 0.0000, 0.1452, 0.0000, 0.0000, 0.0000, 0.1452, 0.0000, 0.0000,
         0.0000],
        [0.0000, 0.0000, 0.0000, 0.1452, 0.0000, 0.0000, 0.0000, 0.1452, 0.0000,
         0.0000],
        [0.0000, 0.0000, 0.0000, 0.0000, 0.1452, 0.0000, 0.0000, 0.0000, 0.2414,
         0.0000],
        [0.0000, 0.0000, 0.0000, 0.0000, 0.0000, 0.1452, 0.0000, 0.0000, 0.0000,
         0.2414],
        [0.0000, 0.0000, 0.0000, 0.0000, 0.0000, 0.0000, 0.2414, 0.0000, 0.0000,
         0.2424],
        [0.0000, 0.0000, 0.0000, 0.0000, 0.0000, 0.0000, 0.0000, 0.2414, 0.2424,
         0.0000]], device='cuda:0')