[[1.         0.24243228 0.24135649 0.         0.         0.
  0.         0.         0.         0.        ]
 [0.24243228 1.         0.         0.24135649 0.         0.
  0.         0.         0.         0.        ]
 [0.24135649 0.         1.         0.         0.14517006 0.
  0.         0.         0.         0.        ]
 [0.         0.24135649 0.         1.         0.         0.14517006
  0.         0.         0.         0.        ]
 [0.         0.         0.14517006 0.         1.         0.
  0.14517006 0.         0.         0.        ]
 [0.         0.         0.         0.14517006 0.         1.
  0.         0.14517006 0.         0.        ]
 [0.         0.         0.         0.         0.14517006 0.
  1.         0.         0.24135649 0.        ]
 [0.         0.         0.         0.         0.         0.14517006
  0.         1.         0.         0.24135649]
 [0.         0.         0.         0.         0.         0.
  0.24135649 0.         1.         0.24243228]
 [0.         0.         0.         0.         0.         0.
  0.         0.24135649 0.24243228 1.        ]]